10,11
10,313
10,167
10,173
10,115
10,215
11,13
11,6
11,23
11,27
8,8
8,6
8,11
8,5
34,65
34,64
34,37
34,36
34,35
34,34
34,33
34,32
34,31
34,30
34,29
34,28
34,27
34,26
34,25
34,24
34,23
34,22
34,21
34,20
34,19
34,18
34,17
34,16
34,15
34,14
34,13
34,12
34,11
34,10
34,9
34,8
34,7
34,6
34,1
20,3
20,2
20,1
19,3
19,2
19,1
18,3
18,1
14,4
14,3
14,1
13,3
13,1
12,3
12,2
12,1
11,24
11,21
11,20
11,14
11,12
11,10
11,9
11,3
11,2
11,1
10,297
10,247
10,229
10,217
10,191
10,159
10,25
10,19
10,3
10,2
10,1
9,7
9,5
9,3
9,2
9,1
8,18
8,17
8,16
8,15
8,14
8,12
8,10
8,3
8,2
8,1
3,3
3,2
3,1
